Toplist   999999 999 1181234567
DL4UNY    102694 330 1213769427
AK7V       86857 320 1181234567
ZL2BSJ     83537 290 1182680712
DF6FR      81092 290 1200228204
DL4DZ      74871 270 1212430763
T94DJ      65521 250 1199559785
K8DD       62572 260 0000000000
AA1XV      61072 250 1213800096
KC0VKN     60906 230 1203455757
LA4RT      60631 220 1204567602
LA1BFA     56911 220 1208981481
K1GPL      56900 220 0000000000
CT1DRB     53904 200 1195507884
HB9FBLF    53732 190 1212440552
HB9FBL     52498 190 1212229987
OM4KW      52241 200 1199479787
KB1OOO     51313 210 1213900854
DK9HE      50170 210 1201988604
KX9Y       47876 200 1191434622
S51DA      42802 180 1195890664
KI4FND     39218 160 1201066934
W9YA       38957 165 1192869212
N0NB       38462 170 1198184094
F8BQQ      36069 200 0000000000
ES5DWXL    33197 160 1213167989
DL1YOV     23070 115 1213305893
